62
61
65
60
58
56
56
57
60
60
57
57
56
56
56
55
58
55
57
57
58
55
57
56
61
56
56
56
56
56
56
55
54
54
53
53
52
52
52
52
52
52
51
52
53
53
53
51
53
54
52
52
54
56
55
53
55
54
53
56
58
56
55
54
53
53
52
52
52
52
52
53
51
53
52
53
58
54
53
55
53
53
53
54
53
52
53
52
51
52
52
51
52
52
51
51
52
53
51
52
53
52
53
58
56
54
54
54
52
53
54
55
56
56
54
54
53
54
54
56
54
53
55
54
52
55
53
55
54
57
54
53
56
53
54
54
55
54
55
56
56
55
54
53
53
52
52
53
53
52
52
52
52
52
51
52
52
53
54
55
55
56
55
54
54
53
54
56
54
53
55
53
56
57
54
57
54
53
52
52
53
53
54
54
53
52
58
55
53
54
52
53
53
53
54
53
52
52
52
53
52
57
55
54
59
67
64
60
56
55
54
54
55
53
55
53
53
53
53
53
51
53
53
52
52
52
51
53
52
52
51
56
58
61
56
54
54
52
53
53
59
59
60
60
62
62
63
64
58
61
56
55
55
55
54
54
53
53
53
53
55
55
57
58
58
60
57
55
55
53
64
59
67
68
70
72
72
73
73
71
65
65
63
63
62
69
70
72
73
65
65
62
62
63
62
61
62
60
61
61
61
61
61
61
61
59
61
60
61
61
61
60
60
61
61
67
63
67
63
63
62
62
61
62
62
67
61
69
63
63
63
62
61
61
61
61
62
70
75
70
67
65
64
69
75
72
70
73
74
71
66
65
64
62
63
64
62
71
64
63
