544
550
553
553
552
556
566
561
566
567
683
563
572
691
692
666
668
562
566
568
573
570
571
575
565
569
577
585
581
578
579
583
586
586
586
590
591
588
589
592
575
707
735
585
583
583
585
583
588
596
585
700
702
706
707
702
705
574
586
576
581
584
587
591
592
592
590
588
591
699
711
714
704
710
707
577
582
584
581
709
710
695
703
699
710
707
720
713
710
711
711
711
709
710
706
711
712
714
703
707
709
708
712
711
703
704
712
712
709
709
712
712
709
709
711
711
716
716
706
707
722
722
716
716
718
713
718
716
716
718
712
707
708
578
695
748
715
742
713
719
712
708
713
721
715
733
718
703
704
714
714
704
712
706
707
706
702
710
707
708
707
712
708
715
736
731
714
714
709
708
702
702
716
712
710
720
719
717
715
711
